-0
-0.007752991014453993
-0.05277663428370031
-0.1540839367163126
-0.2958501236808437
-0.4153475059668014
-0.4543159469034772
-0.4495527725035226
-0.5007279217445743
-0.6330977588864969
-0.8399801715188839
-1.271914081278588
-2.134474749671544
-3.330474107494616
-4.405220167914139
-4.887548766852536
-4.69306918940588
-4.362542939274509
-4.654639015997065
-5.43029066846766
-5.429476368284523
-3.992127542134413
-2.397615621966934
-2.339229808151788
-3.67500156931013
-5.131016941136675
-6.585594801301197
-8.728465934135029
-10.94408578720375
-11.6418629086035
-10.15605647848509
-6.572320589193577
-1.194962293608308
3.768422029025359
4.229224006261773
-1.25749127880872
-8.293543923257548
-9.918759075650502
-2.685912571256341
10.31648671668877
21.31346193428207
23.65177918902503
17.80878901064638
11.64964140064699
12.90872702947537
20.29942024098407
23.44831892085837
13.96938499855246
-3.426723919801796
-13.70214994842444
-8.114108534365929
3.541010376295328
3.443239331677031
-9.956045770137225
-17.0290327187561
-3.196761278756727
18.38652786153614
22.55477597468396
6.184117891677329
-8.212983354652843
-3.777063772971144
10.31310116805822
15.44396409823568
8.722980970047495
1.962103045990965
2.465637187741807
5.439152142615668
3.46420765647308
-4.030810935440994
-9.842254646922463
-4.830446277267314
11.45856361642865
25.79124084689989
22.7717048550475
1.106672123202366
-25.5027538922269
-40.49897023379999
-34.78391117261352
-11.34830353024087
15.66557099218711
31.14234936245352
31.31162312313739
22.91708408322925
11.86781799796816
-1.073313517301099
-15.03722325719212
-26.77228876921533
-33.59053901608218
-32.77762557746721
-18.83761167507403
10.26095922232284
41.58836049761399
51.87071858653082
32.56244374475531
5.357865358733309
1.661123933545844
26.51830784853901
52.40368981153451
51.06882398968812
23.68876033229961
-4.215745554591698
-12.09701500911448
-3.580628416607766
2.518949055907883
-3.508228281680652
-10.98834386868514
-3.743431405792496
17.03162897343614
30.50008057166309
18.4318253207426
-13.06913166478089
-36.58109235758722
-29.18967690333003
4.182646882454375
34.30840370182903
36.44706093329882
15.55509147482515
0.03128841139597317
9.339441338874517
32.56178596486603
43.20967275305958
30.09895150861873
5.709867917080048
-12.56864947594913
-18.43983676687397
-13.88487052901546
-2.394794917295458
10.2561461298335
15.88132934391815
9.600533209121657
-5.439382756068516
-19.81405155041602
-24.88041730762254
-19.66094288762538
-10.53968765855502
-3.385136273292743
2.344184156867507
9.832777482262721
17.10728072637939
16.74112475798301
4.347431015220109
-14.11158960919117
-24.82678781300023
-18.84012135489984
-4.598894604086047
-1.914000601265915
-16.27815918308227
-27.11832028243291
-14.58893709975997
8.957143084216595
12.37174720330824
-12.17211608493631
-39.86551532358227
-47.01270309179846
-35.62378678833208
-21.11440462519765
-12.09613087861282
-8.00694110690821
-6.005416854335354
-5.628125194788891
-9.474521740440846
-17.21254266455928
-19.6857038208381
-7.838893183225988
11.83118802192151
21.39280017032362
13.23364582387754
-1.369336322125858
-6.515261652606499
3.526503055955109
22.60453946581048
36.69688503168595
30.95571830400613
3.118048568348553
-27.68522450247144
-34.16697396252288
-9.978367742857841
19.36791344422516
23.91914587259494
3.542326200388131
-16.92195075455968
-21.74332842519165
-17.49357841484448
-14.50774391418663
-12.45749714708015
-6.890751703501108
2.168756902020647
10.63623197004293
12.66387444708396
4.575082729426003
-8.555738453699711
-15.54770913172044
-12.74505259011296
-8.321509975023494
-8.91053345848387
-9.541440587657508
-2.525964167837763
9.379742255436502
15.1736086780653
8.995544371706407
-3.458817341377353
-11.74824925866764
-10.49534644448427
-3.0502845420629
1.15852086038782
-4.535616114944076
-13.18485892014012
-7.126304464230119
19.7732602860305
46.19578847398285
42.07301235262769
6.463112249339126
-24.78416884127528
-18.92527434253756
13.80531389626521
33.88148016921892
22.23955826465189
-0.8796935184624816
-8.753385361097646
-0.3380184347701606
10.40493183972911
19.46235050188351
30.15432383190398
37.75713923380876
34.89899964981342
26.24868038815223
23.64654753473603
29.47055764940126
34.25794642528852
29.26650803562455
15.78457020485688
2.690676114309687
-3.297077428333317
-5.188582279998466
-11.44482564715211
-23.18987674220409
-30.51551692954753
-23.85394665302993
-5.270983912272554
12.31463193233889
14.47936791280198
-4.213079888034793
-34.52203942515636
-57.20817273759824
-57.00791135287921
-34.98631915663151
-7.451666781494065
9.330729022708455
13.72328799086031
14.78956635865477
15.03449407846828
7.043971818214377
-8.635153152999255
-14.70307136816868
1.76917608553674
26.20225438481097
29.49818392482966
5.211884094840888
-19.87464057604801
-20.02551042393794
-4.090663230932313
-0.4325903294294553
-15.36926304192528
-26.20557392025571
-16.63932192147119
-0.4670265874984097
-0.6953406691104711
-16.64039042409409
-25.97101565550878
-16.05492370982767
2.006637804422636
12.02167044624511
9.550982627195465
-3.940529542066531
-26.78198717692329
-48.56593477373149
-50.71949540885631
-27.61873866191678
1.921563409673913
15.31421398793816
12.57743281574876
11.84920004799215
21.8977024637709
30.47259081057926
22.84996313794306
3.283743428668381
-9.768973969022742
-6.962914981231867
1.332250039897786
0.1762156818679721
-8.935287755477374
-8.552759849903618
12.3569690883222
43.05236113242174
62.0785993233765
57.98660228552948
35.43549929383418
8.495536732520431
-7.359694122810166
-5.311510400352354
4.94639877794475
6.783989428339973
-2.434867955857468
-8.829624416447926
-3.934493452316341
1.515463762922426
-6.108586955046177
-21.12450454793709
-24.41999071039407
-9.164391981403478
9.507430411949239
10.91127749338266
-10.82166570582654
-41.63980009697961
-58.8252489045141
-49.45674552137816
-21.60138763494416
4.142900674895071
16.05182891517546
19.42203426475129
20.77391668340248
14.577359904288
-4.454790805198463
-24.21714108634499
-23.66079610431584
2.80372848676234
37.8200089815528
58.62137439197477
57.06022479040588
41.20285454387522
21.29224067274724
-0.5251191603576246
-24.2189200151612
-40.1219311779102
-32.19064818367101
2.691936420887447
43.43361281895677
59.34303319075956
37.18236988098663
-7.590853830005131
-44.68889592614111
-52.01449813029762
-28.88622927718033
5.959962409750614
28.02640297790609
25.09967954040792
5.50892501027121
-13.01087894451027
-20.21304958341759
-15.37520459263075
0.7569499025591878
24.76603667101197
42.69448969911625
36.57302591884738
5.334512373197222
-28.42849885134343
-39.68751488442548
-24.53049208217434
1.48000583784724
20.77657450461042
22.93219205151417
5.324182105716011
-23.15909871124989
-43.15032883921827
-41.16275593350527
-24.2652023183756
-10.46161590888481
-5.93643494759946
-0.2606731947966444
15.18960678832933
32.49934468136985
35.99523069915742
21.64308016739135
1.649091367467307
-9.726036619544214
-9.850123337353942
-6.664602639842037
-8.475736348274763
-16.27033436465361
-24.13656440462224
-26.24339924635877
-21.58606179840691
-11.7040579006897
-0.07139832873675515
4.847952625783795
-3.549579743130826
-16.90328690456447
-17.10521815305125
1.144746461862736
22.08923782466349
26.67940814166845
12.74486827552417
-4.801905680989309
-10.7522609339441
-4.236164855298536
3.595079327741575
4.206005434785735
0.4669786390647612
0.07613536549721554
2.918160863677163
-0.04252579689128299
-11.53904352182387
-17.10415066142462
-0.2456443909297155
31.82991128590382
49.50221750416646
33.28114548421969
-1.540169856504339
-20.53653185267664
-9.042895306276254
13.74679563244088
22.39598204403218
15.70995819292053
10.45691201521763
13.602344434835
14.82670125780071
5.002448879693664
-9.802530651881842
-15.85627194061332
-7.26220656306316
8.107276139022705
15.31490349915373
5.873022786416746
-12.05894577026516
-19.71621671639742
-9.387270876935716
3.826411704258948
-0.3596225332252597
-22.2961699587325
-43.51288131910059
-47.80020829584138
-32.98176741045172
-9.030572753201417
6.820089376270055
2.043120957292861
-14.54984011704618
-16.95523201795119
8.215796061110883
43.66079680140811
60.18687596837074
47.49116184607917
21.04694446119931
3.138385258949992
2.943643065171864
14.16547317214011
25.11874329501615
26.69557893555406
15.01486600362277
-7.124188340370438
-30.7610488369266
-44.81821099790528
-42.55400873156773
-28.39074870022934
-16.61679860709707
-15.86106666316119
-16.96281615189628
-6.424744564930009
10.69846847130445
15.13023691640035
1.172419079490752
-13.31178120485056
-8.539902774800879
14.57660274052236
36.43227931170263
38.08025326884984
17.38916208603845
-10.535444917199
-26.07269266782917
-18.64072736342616
6.304617057757926
28.44256518021413
25.99580804006742
-3.01169011344121
-34.04262026045055
-38.89638442852157
-16.53591257559728
5.812132832498009
3.498067276617829
-20.69322867441044
-42.97033537384345
-42.62383650589954
-19.80580269443686
5.22153958023354
11.47994949115113
-1.731071064606915
-15.285357819373
-11.14914996994002
9.938006568598782
30.49711602076657
35.0793582266208
27.01039231904715
21.34333222512408
20.65344502052758
10.80998957668682
-12.66004677859708
-29.1517645217368
-17.68168065859735
12.81365926454608
33.66980136260756
32.70971236135045
24.95071681223966
26.88779440501333
34.28678709289341
32.2959481784549
19.96692101077195
14.06638124236525
25.35765680285019
38.76897503927814
28.29338557942781
-8.894342769812658
-44.67103438614302
-49.97365719867526
-25.00554865190387
3.709104078736098
11.38645557046579
-2.851949080480034
-19.42214036949206
-20.59005065260762
-7.567037334424406
4.264779604822025
4.108299190107233
-3.600982928509571
-7.415711521806672
-4.173014071337184
-1.813828594735428
-6.656450709869991
-12.91505685159067
-10.10198658685231
0.500228945083287
4.865589701238933
-3.630934080856381
-11.50522492100442
-3.691508476614066
10.97223290848256
8.074436863082109
-19.12429775557396
-48.68718661300166
-55.18893999279444
-36.55198554244528
-11.79544086707164
2.686181935528686
8.667867701466017
17.07838490406667
28.95039910450418
31.99850332573423
16.01157000718366
-12.43846474080091
-32.23711936472925
-27.07568653169528
-4.992977425493747
6.809790386601416
-6.286033841025414
-24.58538600506443
-15.60974534357649
22.77470775806939
54.43178750599314
47.21788224627182
12.61595917734876
-8.808471350394001
2.901530704555122
25.67799116546169
26.39732174511266
1.035569103727117
-25.12550737492748
-29.92268507215586
-15.50302843927704
-0.02971229716731761
1.260875431808848
-12.58940860350911
-27.08200077315505
-23.04038375164984
2.613604892538397
26.6394840966903
19.91221610049183
-18.24263350954908
-53.60873457416648
-50.51534705564502
-8.911165585808211
35.27334306476205
45.61956180039562
19.63624820223675
-11.15299147509173
-14.35554389311429
10.69932214086851
35.24462993996563
35.05818904712353
15.47421570823363
-0.5768605176972156
-0.09193276482394158
12.76943597909184
28.7657500678018
41.29695697500859
45.21883363383013
37.60367143173829
21.43734241430198
4.940229772759352
-4.766545250502833
-7.56562204805753
-10.19013744127064
-20.08808467391829
-37.59135598155875
-52.02320639566058
-47.97417367212
-21.14795987084613
11.82704664625201
25.10613630096704
7.73977417003471
-25.14566520549903
-45.14311218711552
-35.12162028467601
-3.525676715668856
25.01656746844699
32.53719273172021
19.54106765497971
-2.71898285867747
-24.8065972500503
-41.78493333681325
-47.90640512241399
-36.15540373199857
-8.26991177125023
18.9204872041804
27.2135422174607
17.78718904458146
9.331082417704012
14.64634366929989
27.12758595443776
30.87351127216782
18.32877447485676
-1.637639066170354
-10.82501452823639
0.367969883589763
21.38845602936511
31.36125982808995
20.05295125148088
-3.998544546115999
-24.47041347544175
-32.05296609028838
-28.35213329511255
-19.36003357459734
-8.37863951756645
4.489624536102429
16.66772704502822
19.19637787352097
4.172629522964401
-21.74360292579629
-37.70353380818904
-27.57560383868372
3.969577888527335
35.50445994230024
46.27067758876839
30.57797052604708
0.1600419231034558
-25.06266521123699
-30.85171360328361
-17.59874158343569
1.284725093360183
9.782046253507835
1.838120937451267
-12.79907895703367
-16.68215739929025
-2.232644131590867
19.45320537223988
30.15666863391574
23.74359493492357
11.56110381812337
9.239396979228463
18.52249287598774
24.23446575059766
14.61035564191723
1.221709584275869
5.647946604566592
26.57806777395737
36.40290621780364
15.1040594616033
-24.34156906218396
-48.59211021213567
-35.89404674041449
3.582160263654457
34.58204112959937
28.5360786555451
-6.151233049008367
-30.97974450707988
-19.11390691304217
16.19433098160646
39.08687604207868
29.38004191191042
-2.303761693125655
-31.28102031643676
-42.74830392183036
-39.95674465480191
-34.52663681044663
-33.28863024285852
-35.83311063705158
-40.16080078504196
-43.48587558941547
-39.26295677147383
-22.74783030535942
-0.5188193404034693
13.81667774074357
15.41524084243283
12.51724582603763
12.23536278798261
9.63087916556387
-2.463657861665381
-17.88431423018365
-20.91211156596031
-5.812870955560314
14.9378222132163
25.42789465968568
24.82190254535693
25.36616334591801
32.85412517787158
36.52905478237612
22.86822320165385
-5.341355994081845
-29.69304467145685
-33.86027517774081
-16.67531802135921
9.638805175043144
30.42855292250561
38.89254318870729
36.98405862188054
27.33087395638534
9.316316968859526
-13.43743430432127
-27.54544457395955
-20.1428940933259
4.769244756905054
25.67084286655432
23.46213570808337
1.582116312615992
-17.95897461883668
-20.02895476578539
-12.6981307764015
-14.13101780510595
-27.74320455654681
-37.46295728607405
-28.11104045354823
-4.970643963851711
11.86174592680747
11.24037138099922
1.762595092786239
-3.213264534388575
-1.449724004665138
3.025943620753418
9.745150397483959
18.80384125176726
27.27586958899832
33.73119727819022
37.65709005235257
34.10505373380062
19.2430358100376
-0.1798284687736056
-12.17071871176835
-11.45293576557072
0.06743112852920329
18.53796308423355
37.35103709605592
46.60484351103855
40.21922178101548
22.9323336833387
6.983955311614894
1.059215402408833
3.69613577566026
6.893126351343598
3.127368167605662
-10.36153736071569
-29.45836932238107
-44.56747278790972
-47.23067128653776
-36.89243621179105
-21.12228701875649
-8.787052323032988
-3.352965476433474
-3.871501881280897
-8.801958002830231
-13.83859625297239
-11.72915636333451
-2.656227153338748
1.216193460171116
-9.084606405582322
-24.2782477960039
-25.52847957304905
-7.272854921842116
14.2300152937245
17.82725360632572
0.8174522127693875
-18.82445923692829
-23.43496260043504
-14.07389005448637
-5.209455173710522
-4.356704866464523
-4.458671199917434
1.056278823980138
4.667926890677148
-4.89286182043505
-23.31213608186067
-31.75897239183674
-18.5185070812318
6.4198474881033
22.57083181860101
23.3923631315742
23.25552465107976
35.53753034459622
50.11147070324379
43.58922414489513
10.70860399346372
-26.05796216078032
-41.15205954746492
-31.67302889497923
-15.32673637183487
-9.780653393154539
-17.34088033404131
-24.79394972016309
-16.00317375960676
11.79009917656016
43.18374003858065
57.53552360239929
45.33839950876762
13.12805818669105
-20.58363151536713
-34.29119367440295
-20.33575780139334
3.306528833542249
9.705232624034265
-4.029160443007325
-12.78686413913134
0.9489086571949702
20.02760005754532
13.63515393774515
-21.03852102953
-52.67761682581921
-51.8044268678047
-21.49511410269794
10.94883025931007
25.18091811778182
24.59093506265831
22.92712498885079
21.60252657305358
9.572550748187878
-15.06890198497305
-35.4655996590701
-34.55427854117892
-16.62087066762808
-2.124395172876604
-2.03682624545677
-5.449416690795823
2.987113264082728
20.4974398047573
30.27013568943085
24.39499991372247
12.4491825762877
6.99497444556913
8.100462522955594
5.870105110190728
-3.049028301630355
-6.292599004785091
9.590128912956819
35.81722145764693
45.15993524612516
25.04483937480699
-4.824001227019705
-17.14406047548599
-9.539209627922466
-1.05285281811236
-2.39938829917474
-2.400586913895807
14.20138349051791
41.98642497684681
54.52571454885926
32.76970253930645
-9.295563759143942
-35.64247849309866
-25.77005622759988
6.498597898787987
32.66646200132256
37.74843119022268
24.32736152534725
-0.299978384385084
-28.23243981444553
-45.61385699939432
-38.04313410796155
-7.70450419019663
22.59561736905372
29.54361142109766
10.77429604378903
-17.06157289168768
-37.17830954861113
-44.09286270048655
-39.44402499682325
-25.71830572142452
-7.927075089543418
4.96015104207433
7.464213277562254
3.927977301127815
1.042426977803149
-2.770130823516733
-11.7287665802515
-19.27911148344122
-13.55675732683939
2.191202934243436
9.507799064748914
0.8953417854783118
-8.568639989642287
-4.377228790042746
7.001756841876537
11.85599627656063
10.1325036788962
9.294232263513239
7.421016322696934
-2.398369772042889
-14.65037354633299
-12.98074994778071
6.040047547259621
21.31659042277889
12.52266043637974
-7.530236656341429
-5.797909037900776
22.26782938154906
39.33902309406078
14.08735382641311
-34.26586821339879
-56.33481411171827
-30.8883010903724
12.55968217566852
30.5553786769259
12.53210736424946
-15.93956346922247
-27.08916698376358
-17.33550498076411
-3.994268416739213
-4.133686129500959
-16.39888498324601
-23.19016503480234
-12.74835591807668
6.459755196894911
18.12860145091928
16.25008016636524
4.769813620587395
-10.4998581714453
-21.59676305127007
-18.50720360104101
0.9658100807895404
23.3712636913652
28.14911572557541
7.71952002264358
-21.32099019609117
-31.29205329412686
-10.99138973334782
22.52464503910168
42.32029149524789
36.90899547975868
14.48505252781084
-9.219157065454802
-20.38984020403024
-12.24265947499428
9.826726059208916
29.67761745881496
32.06209573071281
14.04109196523369
-14.87099117715672
-41.96240024539386
-59.10834653241811
-63.14303947242522
-53.19087230976518
-30.51365788050961
-0.2727162604746263
28.60055559079361
47.08789412947097
50.3178452351402
39.0213209124154
19.66468512329279
3.060093341149045
-2.115901230747257
4.733262552279473
19.78802469349174
40.56296241713719
61.54422008718282
68.14296984122656
45.36456235401383
-3.696034254757467
-52.22399921767117
-68.19264433039217
-41.90080141891146
4.22338181143529
34.81480086119529
31.92844376738945
6.16385891474224
-19.52916074605751
-29.94865678015106
-21.29599307147587
2.990523772160603
31.43357541167057
47.29448623437636
41.88386298219693
22.67587963924365
4.11519563528349
-5.799717946654734
-7.910675615433885
-6.757773442164888
-6.752809999298762
-10.14049697277632
-14.95555386450393
-15.71678734983943
-10.06202672608209
-4.964037938858156
-9.653149806334824
-20.79130086525534
-24.59789874336324
-16.5296817391199
-7.013623367953866
-3.602746722358411
0.348991982852939
12.6242884855753
27.54550533487068
33.04503939729038
26.3144009222815
13.98986700206344
0.7009511263378103
-13.5635443557056
-25.36918906605984
-25.43246880467683
-8.010858286412402
19.63632444524141
39.33739171653959
36.21617623334194
13.78081199549729
-8.349361032338237
-16.33454290687111
-16.92260295554613
-24.8149336397685
-41.40280114581512
-53.13507130842455
-47.04579007174326
-22.7667549259967
7.939169633056138
28.83109547337136
27.16824734921403
1.311974114202251
-33.01207446609853
-48.99879765187667
-32.49582169680254
0.6519672798624773
19.8138154665619
11.87311281154216
-9.430773589520937
-24.75214628267621
-28.70311603465975
-25.65332166088068
-17.7824001235939
-7.326146892780266
-4.248908163532996
-17.60787562914627
-38.71514286548945
-45.9709811088921
-30.75290484826978
-7.940334121257984
4.204850856787787
5.146406261201502
6.564785600549719
12.68069256443014
15.07359293475284
7.002403925562149
-4.118923533622
-4.026705282939276
10.87055191841213
30.06334755461785
42.79915523479787
46.70355036279103
40.84363747887713
21.60363217530036
-6.89524541353983
-26.59038266400234
-20.69184644253141
6.482182230923045
32.09947171117922
37.33990062451459
23.71721437796612
7.884833429341566
3.727489655754579
10.77442719934934
18.43446038504612
18.13360731654529
9.792404699991893
-0.05971000066265173
-2.811928903726342
5.81374923335501
18.21191271328648
18.72097477391882
3.499656160091375
-9.477346135275784
-2.989543179680051
11.64739797895028
6.185893150089447
-25.11832221099017
-55.16969936548178
-58.24561622135017
-39.12138686878802
-19.39794059440475
-8.368889154100001
-1.388851589801976
1.808682297853868
-4.291114050195832
-14.91606493768261
-14.63355312425997
1.108928819056913
15.56654667578996
11.1444187070382
-5.245281537433639
-8.710544497640869
11.12295750368014
35.21791668352799
38.57200612993546
20.89885102238637
5.453296524239176
10.29594656386163
29.17314751789015
41.71632705499248
36.01311094966612
18.09699082515649
2.289278925976361
-4.515367369318482
-7.851878445610443
-15.45737247618897
-24.66154065612829
-23.37103583004844
-3.84931775368453
26.83874085741208
50.48800446923779
51.63223055345402
30.87069020269963
5.866214890047702
-4.774662777612233
0.01650781762406144
5.462389398787809
1.280484039615555
-5.950553961942686
-3.947065269225875
7.09453223168883
14.51426862548329
10.15578971832054
-0.3191999753598005
-6.612964165529844
-5.744591008676146
-2.215548700468529
-1.060772725136023
-3.702371400222275
-8.130154556677882
-10.81660317479355
-9.802522411822828
-7.405907313516204
-7.955431389018348
-11.23854267148137
-11.39678404816472
-5.054586548240201
3.383859096791786
8.416962836432331
10.91308384760734
13.53035884927428
13.03190298011377
4.449755585956833
-8.891985099279429
-16.26010506876862
-11.12898094110569
1.989165883962658
12.71311563691055
14.04860877767128
6.86236402064637
-1.75000935187828
-4.412937495814148
-0.08729775256042406
5.470529819359488
6.881128638197473
4.748628029296105
2.702303004767709
1.807711794870958
0.6454479683461105
-1.103975152584152
-2.245712842161253
-2.49209380448779
-2.881930450720505
-3.865651587128191
-4.596593415337832
-4.244707243691267
-2.969905128217575
-1.468135631947305
-0.2851381261191889
0.2806215416400726
0.1684107468737606
-0.3269860371933118
-0.755949641103887
-0.9196477731058299
-0.8796525066117138
-0.7079489180505537
-0.467210480641384
-0.2649514910520921
-0.1458452387927762
-0.06595890392954847
-0.01219000045832684
-0
