 3.335784004685928e-06
 5.675437796175689e-06
 -1.665139135791268e-05
 2.665758824257894e-05
 -3.182604144164817e-05
 2.828011933709283e-05
 -1.344837739232268e-05
 -1.252136523488671e-05
 4.563223984223175e-05
 -7.76670638084452e-05
 9.70023841813444e-05
 -9.068787397554297e-05
 4.918081403654066e-05
 2.912725348284262e-05
 -0.0001303875887429767
 0.0002245865458212516
 -0.0002817488626870764
 0.0002345494445402004
 -0.0001606068185048067
 -3.925136254822432e-05
 0.0001971306866688148
 -7.868658388397265e-05
 0.002169969186000932
 0.002152065311302745
 0.007953202393735157
 0.005917620196263986
 0.003687667059821796
 0.01755385172681745
 0.01857850874295861
 0.03383621269540877
 0.02941694722649949
 -0.003133024855936749
 0.02985517694041209
 0.08021835184534669
 0.1018044053910516
 0.06824371487859571
 -0.0155217617177475
 -0.04526564721655781
 -0.04096096737264801
 0.02238397468631845
 0.1107303318384164
 0.04750449092905799
 0.01589008301997933
 0.1565794496737711
 0.1344004327664275
 -0.1414498684417458
 -0.2598995873822632
 -0.1817992871538648
 -0.09870324396705416
 0.09232901792575393
 0.04778937467304131
 -0.1670286277721484
 -0.1500045085614704
 -0.07266592496727194
 0.1068350871144081
 -0.1856470987916141
 -0.4876789657815236
 -0.02966509326797269
 -0.2038267536533335
 -0.3592333387504252
 0.2730011697231722
 0.2293386579330792
 -0.2608913380709059
 -0.4509042083925124
 -0.1406655466456309
 -0.05038781991120878
 -0.6300145628179324
 -0.4220188634110396
 -0.12801968821045
 -0.4804783204222165
 0.03547209846589262
 0.5115727352467752
 -0.0335139384067682
 -0.6172898024540266
 -0.4085891895467473
 0.8488616659109866
 1.237884884322201
 0.1839498863192335
 -0.08678546273945742
 0.07725658609136839
 -0.2578460107306538
 -0.01157120910698743
 0.8229340086444251
 0.8749327649317188
 -0.2270630410546292
 -0.8137633369686468
 -0.5143734046365342
 -0.004617573481855687
 0.8044924197706779
 0.6788116592834686
 0.3760267607288119
 0.5435171622612754
 0.2988077835403319
 0.8320306554253173
 0.739615859004914
 -0.2285548101671162
 -0.2892790275360226
 -0.2696064660462026
 -0.5250531745185176
 -1.723928046900545
 -0.9910504637533502
 1.668572852023873
 0.5112823979167196
 -0.5865453059415838
 1.703244372677579
 2.542381016619708
 0.8132910785381127
 -0.4395857237884662
 -0.294369857196187
 -0.9970581641290377
 -1.248046064821861
 -0.2841721398852294
 0.386320210723151
 1.480524822405758
 1.008913947272213
 -1.877544926099149
 -3.006743385839032
 -1.458664806536002
 -1.464892686076289
 -1.946100679471829
 -0.3360561024791351
 1.093077628765164
 1.723127631983261
 1.319166580798683
 0.366098528689505
 0.0731851145648279
 -0.06798282378110909
 -1.570395806135655
 -1.796232374299885
 1.420270739295218
 2.275138653049469
 1.420654991374867
 1.658806943866845
 0.9013651847732017
 -1.268149780317355
 -3.646959066899921
 -1.274583714683541
 1.11812603500626
 -0.8408317631678394
 0.678834319520076
 2.607888981075543
 0.005878598156255438
 -0.9277289929803673
 1.12185209746047
 -1.005770117640066
 -3.667772150962357
 0.4260170459850752
 -0.9255165111700014
 -4.359547358009323
 1.65145809460116
 3.698118585459364
 2.752266973397826
 3.27494313745201
 2.105344296962912
 3.365515501367724
 -0.1663613180178782
 -3.093118846092592
 1.073276574114401
 -2.216467445808595
 -6.708402057686155
 -2.443047166957565
 0.1003264323581874
 0.8599693920927018
 1.054040330609825
 -3.474070364207459
 -3.75647548767036
 2.737054563223688
 5.360704781274593
 2.413584130827071
 0.2295862000451417
 -1.784314787594504
 -2.596573326734654
 0.7342641162512842
 -0.01579760797422717
 -1.209457725505939
 -1.046691807289881
 -4.836059178500412
 -0.3346452350487579
 6.254945387628728
 4.978491594319142
 3.517576090722438
 2.355522196232932
 0.9575935587965766
 -3.590263483376935
 -5.906236775028868
 1.084258873061787
 5.499354564313544
 3.299127745137074
 3.351347219643842
 4.514013394768739
 -0.03940814585703478
 -5.471658978984626
 -3.659964484873921
 -1.947266486130856
 -5.720556463938349
 -3.498949128215741
 4.973186341211694
 6.381841449723681
 2.231888797691697
 2.272688602314691
 2.077619241233757
 -5.456335845332497
 -6.535947648884552
 -0.5936001874239569
 -2.283847061919543
 -2.284253351905591
 -1.770814709763561
 -3.516191493829771
 -3.764654444356345
 -8.647110063994514
 1.463063428918423
 14.22045835960302
 3.353780789331101
 -4.797664802708383
 -4.648457543354103
 -1.642105712387912
 0.2544564810908552
 -0.2120579493744494
 9.951248262665544
 5.641257144586167
 -1.833450336372122
 10.03806940657863
 5.848528411777599
 -4.76310247483368
 -4.150940549004829
 -6.84176811147208
 -7.071052362419464
 1.574382262716288
 8.958523515166419
 5.05201916421254
 0.7572594779835983
 -2.892803759499676
 -4.675634887600671
 1.794092346332048
 -4.267798412704258
 -12.98608147528356
 -1.121752249147951
 17.59786866698827
 11.77355843735491
 -8.592778950445506
 -0.8940313707761159
 1.436370700016816
 -10.43495960986467
 -0.08216663620655763
 -1.678359399532118
 -5.867673559068964
 6.143749960318361
 -0.5095787465718963
 -3.87165113057855
 8.673477162927338
 4.560610355597856
 -3.99713624056998
 3.329762573984001
 4.280915109946672
 -3.475140165937165
 0.8874022456605939
 -0.1675502149555969
 -11.10311879162413
 -5.242441106780869
 5.029171385800536
 0.8212775353488424
 5.47120621390212
 12.61895207019811
 -6.005944520705192
 -9.935093326351447
 7.538381599143943
 3.137927744989534
 -3.710003824003989
 -0.1195228683283012
 -0.1097652333225499
 -6.827149240455092
 -8.111187064016868
 2.222779947726662
 -4.553568010412712
 -0.7101357406698003
 26.66420395076132
 9.1585872698149
 -15.42249953875013
 -1.717923746905878
 -8.890184956931051
 -11.40054979747735
 10.72732872424345
 8.877074716407062
 6.427330832245147
 6.180174325369997
 -8.033059782425092
 -5.334336092681886
 1.877460533552525
 -7.866509070705388
 -5.075653046528991
 6.777744540177009
 2.387958640740897
 0.7972299882490522
 2.157792050916071
 9.213753525314431
 17.8901441585121
 -1.348916376422054
 -13.90653046200875
 -9.406245793676758
 -10.1240750625635
 -4.578903823555595
 -2.348650419028589
 -6.023677567213666
 -5.498637662213638
 6.10395172862358
 13.64179549818933
 -1.88570042444134
 -1.189545330395285
 11.66556194165455
 -3.675666797829608
 -6.776355290247998
 8.932563705953243
 0.3616208619892338
 -2.808891099755006
 -2.284362761260263
 -24.59038502171054
 -21.73017279844616
 -2.0063896920789
 4.445934650872075
 14.01826924687163
 10.13080841803558
 1.391798130678904
 6.598714488265044
 8.276138705554116
 10.63140984823276
 13.30748336482208
 5.612773508416042
 9.582546244360783
 19.60334696673623
 6.248479149940034
 -6.759924664120994
 -5.315339836005128
 -4.18646171491432
 -5.297661164791586
 -6.359121486855798
 1.24204157028583
 5.631813000304002
 -10.00860631254043
 -32.53469458751888
 -27.39094446944247
 -3.960435115616025
 -6.662146549790178
 -10.5967857130742
 -0.5903593884432241
 6.187662005209992
 12.83277916269092
 9.617868519994378
 9.1723979569554
 -0.6355505760004613
 -4.887309923880727
 23.87628588992831
 6.702863866635928
 -19.45763908286938
 -1.827298947924514
 -10.83020166384931
 -7.783902961429791
 9.927145425458296
 6.317075635689845
 12.53209687111205
 6.791514072533185
 11.17969676420499
 13.26416003394941
 -26.65975476426962
 -20.15251442356078
 23.10064408522646
 5.080868038182651
 -23.20808531055163
 -4.356357229054012
 -2.451273297994732
 -14.77555925401219
 9.665353043177364
 28.43468688587564
 27.09538313383796
 19.40958555455703
 -2.352583977024735
 -11.49353176068464
 -1.294398999876222
 5.527620338859109
 8.327758678181331
 5.684650499031747
 -10.79939786314979
 -22.94023296211941
 -23.06292206299307
 -6.888631850479835
 11.32262843173408
 -3.059428660236911
 -6.346334014261525
 5.870956926306608
 -3.892532154240747
 -5.272929910281192
 4.074026182489854
 8.937340662217046
 2.366412285684811
 -12.10693857948968
 -9.622119565379098
 1.390278168663966
 -5.018437886583198
 -17.3768546351856
 -20.77993789175253
 -22.50583377435602
 -1.190265645485745
 20.84042076150247
 2.993088397977221
 -5.590584321857023
 15.7644956047396
 26.76733854814444
 10.6538400918703
 -4.631403825924037
 2.965975441971561
 3.340012677713806
 -4.079499413342028
 3.107653527412984
 4.972984818204697
 -4.748362058074408
 -2.835249420494694
 5.59898990089615
 6.235446063538368
 22.23108633504762
 35.53838885915793
 5.03368137153358
 -18.4889165350394
 -3.795720414015832
 8.515754032793033
 7.684481342193911
 1.698231042288766
 -10.73993509056364
 -20.48338996297656
 -0.5625120302759126
 14.36151992262175
 -12.04000182671165
 -13.68814611355669
 8.670558352084452
 0.4884121747109579
 -11.64735494061491
 3.469071152510717
 28.46097424277252
 18.89954450503788
 -16.14740918700601
 -26.18939962392251
 -19.38677411417445
 -26.52819373285764
 -25.79026021915774
 9.688959335722872
 16.66436420072154
 -14.8227651094957
 -6.501556271892979
 1.620630268359628
 -8.103416293845557
 9.115351182823428
 15.10976154719748
 -2.309545099389359
 -13.78051160678134
 4.650565652149106
 15.03856676738856
 -16.10142387737029
 -13.45376014061249
 14.52258680359737
 10.74302283382391
 4.435266013317507
 1.600497674162212
 -3.075473014032499
 2.506887906848758
 4.136935270572504
 3.265248205088858
 7.485641760648351
 -3.571634775130647
 -2.010032334850729
 21.24132012088146
 19.67280073918681
 8.616660302427089
 -4.124332986913031
 -18.40524361486755
 -18.83856163962567
 -15.95393975072254
 -1.35498768059293
 5.696173390031974
 14.42493485477362
 35.48999760911677
 26.08484623159699
 16.90820154125222
 -0.9444481947902476
 -25.29006346330436
 2.299575062860864
 6.440082463828903
 -22.2616826546407
 -16.65237737335933
 -7.700617926594806
 -5.603387184362814
 1.56018636571682
 3.469219484306114
 3.617279841267039
 5.485370001278853
 -12.83124423962856
 -26.09501466353072
 -11.90077862017482
 -9.963422644820422
 2.405190689954392
 20.08685124266988
 18.24396802923165
 16.35399312929597
 -1.341623182241366
 -9.608237553289976
 -9.229978173721632
 -11.19941043215096
 7.587432674235844
 7.561232089691405
 -2.884793133913603
 -4.160275103865331
 -15.20719453540462
 -9.277137254615511
 10.25328068175435
 4.098699058674779
 -14.02836141376675
 -1.218348218832266
 16.83341527723023
 -3.556296291667481
 -17.08386857271428
 3.387857640584035
 8.984997707350187
 10.54284396469159
 18.82086270821189
 -8.440680091003564
 -18.50887043700401
 4.606010807740398
 -1.905206286526886
 -9.375131026903555
 11.19392228405438
 22.7994343796981
 -5.058337977111585
 -21.25782910944367
 -5.296057463626307
 1.461494899663816
 27.88004285531473
 39.90026748263895
 15.12957961139075
 1.239642044249114
 -19.53039261267298
 -27.95386175651191
 -22.83811101178593
 -12.49636829734395
 15.2831288975189
 15.61025251707305
 7.275248950067112
 9.007547678011139
 5.504549235509775
 11.69151337873778
 7.659653154674217
 -17.9864562139532
 -25.76761085155655
 15.96527713612812
 26.17126225070281
 -29.56541876302498
 -25.72593146043971
 11.17575790195478
 -11.25567623849331
 -20.03568948428097
 13.25147737361502
 13.92825826483099
 -23.37118848700538
 -13.18272291824174
 33.16608635322527
 32.10765838694178
 7.153418154940071
 -10.02782347157218
 -25.81009698061423
 -21.0580389917016
 -6.765951964260994
 -9.086270223288357
 -1.970285486025876
 13.40056691319869
 -6.372122418900324
 -18.5794650793806
 9.843392941726549
 16.94827296316037
 0.9152628056197996
 4.15176363639432
 18.97382800897914
 12.64260898449428
 -21.86800248006776
 -17.02221779990445
 13.18923430615934
 -6.476835584601625
 -7.388685580205713
 12.87960798055111
 5.013334966872533
 8.09735153624073
 0.9029673284884069
 -7.168669744340008
 -3.630461760411398
 -0.1931337478133435
 20.53347805356434
 11.60012035631928
 0.8955745245551382
 19.29859328017761
 11.57456887570371
 -0.8657744312744354
 -6.831877667500433
 -16.76096539460251
 -16.06970969621969
 -7.965532908696636
 10.13516170870141
 11.41154600426359
 -8.1881351401345
 -9.807208698972596
 5.278912998213896
 19.33606788914275
 -2.480384255758256
 -40.07769954296278
 -21.65922926618933
 4.559524778136551
 -3.946692900979862
 -3.621009788890864
 3.966424020890245
 12.83436302650521
 19.58752882796843
 5.824995384961507
 -8.645917254087156
 1.764410092113745
 9.965960719581586
 8.810951630993204
 13.80253768385376
 -7.35553545062825
 -25.60410696298512
 -14.13727558730767
 -8.954096927205955
 6.843421563420678
 12.42994327362461
 -10.7152733802967
 2.447358626139645
 25.00229739614495
 -3.494243605351706
 -25.52077961905797
 -13.44177146017288
 2.152345543411406
 14.50991577639811
 1.466291591586089
 -17.38024487762783
 -11.95253989756597
 -7.100245744598421
 -5.278981141291295
 -4.081544199257902
 3.334389208180273
 19.52511770195055
 19.69429686782862
 23.32700134558628
 17.88454969411844
 -22.62832724190187
 -18.92716925112239
 24.5174112305073
 19.43834169508941
 5.610136741872452
 5.068734425404308
 -14.7814915686127
 -4.762449597881631
 16.44062970359917
 -8.963316458333869
 -20.26327314956725
 -0.6061173762195136
 5.734775188882153
 13.24057302121478
 11.94381497215549
 -11.5782863151777
 -17.30579079610295
 -4.578157864726902
 6.177455738774805
 0.2438579376061392
 -14.04136598805975
 1.430656457221412
 6.626121008107134
 6.117987767516602
 21.89016232311456
 2.521885368289031
 -9.944302422358593
 -12.66172654292517
 -16.1632116022557
 8.941645310285704
 12.65066009692547
 9.826095457846796
 4.252557234575646
 -9.932183573809604
 0.8782348264966476
 -12.57641725821864
 -27.86351165214426
 -18.12518487142346
 -32.18756389411965
 -22.71017873930933
 14.01063461794391
 9.621802512333971
 -0.7347541247284981
 3.728542559746422
 -3.322122502631809
 5.636602803253458
 24.86524161778713
 17.65303655520016
 -12.17159137243029
 -21.80601998945857
 7.611718887880429
 26.9880116509512
 16.93735661592803
 6.994579136772463
 6.409952497960257
 -8.904758790139596
 -11.81663824949463
 25.16537508640298
 22.05307860039559
 -1.222852089825786
 20.86357646102336
 8.444232756084833
 -25.3269062016014
 -5.507545707092982
 -0.5374621479299476
 -14.51973806089486
 2.418366286253174
 -13.40126166454824
 -33.28554961218347
 8.961518441807122
 25.75433994094433
 -8.11573515083731
 -3.732912553289513
 19.73737177157461
 4.331391390136567
 -0.164669535122282
 7.732529346767696
 7.674672648352229
 22.14959202602331
 6.540024470250053
 -18.37294074857554
 -8.820447312903646
 -16.54049529749756
 -29.28134769516082
 -5.171536336534873
 13.36653388422113
 6.477268423171735
 -2.549825683284946
 -19.52886645341984
 -17.06393048340787
 8.436048884495984
 15.37796583548269
 13.1126994915158
 -7.643490267354818
 -17.93799571238612
 10.65563848103841
 -1.706653608846772
 -41.63563420256608
 -28.91815621127342
 8.700522630608956
 6.164781946664757
 -25.01152496839504
 -18.27250978440711
 17.95172934434355
 25.6355599193409
 1.380907928719832
 -21.16192352360186
 -4.389417904060783
 33.36059042210524
 23.74877399814023
 -0.5602049902167282
 25.85260492872299
 32.27812069366902
 -9.286984420690038
 -18.14051504932076
 -1.242038668234447
 -4.432594163191033
 -4.527838746797974
 19.78130952806592
 38.15638581716939
 29.70438525977548
 14.43876365338025
 10.70377012764757
 20.19957319323752
 23.65838117713436
 11.44890764287034
 -0.605094344247247
 -8.854770563586264
 -21.6027367844998
 -25.821315509392
 -11.75785221618095
 -13.71906801146682
 -28.63746568639354
 -29.00875294467484
 -17.8415712128328
 -1.89618897350234
 -9.332036582002189
 -14.9179605217756
 -1.637714509346251
 -17.3067402084407
 -26.95651857134182
 -17.53999940280056
 -27.46751009143334
 -10.45207221091081
 22.40247168443702
 6.041016699023294
 -10.45064305711903
 6.435060767532723
 18.82115429480972
 26.84586653459721
 17.19355403550169
 2.709651318503997
 19.93653157203388
 14.17654212956209
 -13.64753329825559
 -13.54375988194878
 -5.609219270811094
 2.911436313406651
 -1.025587569850566
 -0.1458004401597676
 18.82869877762315
 12.63438947116695
 -0.4712091275240015
 -8.277240874667372
 1.073150785109105
 22.33949605098666
 -1.754223522363852
 -7.379866392337973
 21.96048458582128
 9.465815515643898
 -1.780206057318115
 8.319205218542264
 12.41028191103342
 21.21936943797372
 26.20461200831744
 15.45360741509918
 5.917548174432071
 -3.302229356174442
 -19.64319742190769
 -3.777597312922012
 -4.08770492686971
 -35.71432549740766
 -11.72073688561361
 3.259912672682438
 -9.341971674326871
 0.2973327433752982
 -16.93853534709073
 -22.10916293706193
 9.729904608890347
 3.745249386363382
 -28.36776806093859
 -25.50349689615005
 -18.58888280485011
 -19.34478080500933
 11.62966796584238
 7.207185029139061
 -19.83526496636245
 -7.090242288808298
 -11.83405136587288
 -4.00951220357564
 26.91447167810561
 23.12446744324163
 4.993082198978469
 -11.82980323985078
 -16.08773878777946
 8.216092517407809
 38.5808582159637
 26.42926523015817
 -7.393033678103857
 -2.556097114497755
 11.1995006805792
 3.178264618184124
 -1.37999217473526
 10.10209047916024
 17.77229365608456
 12.15391563636356
 10.15645659141764
 1.188484753912991
 -18.46577018673719
 -11.86502103115367
 10.93344341592467
 7.467607221560229
 -0.8267163201478367
 7.858559203901374
 5.828682593466044
 -6.557770101759864
 -4.155467276428459
 -1.606167088675351
 -17.58923602083133
 -12.23499932269075
 21.05354118403332
 10.05981244703254
 -28.35488162181751
 -17.13928118121028
 -5.334094692675431
 -14.93437184779645
 4.352646826661743
 12.88106974444799
 11.77596927237158
 12.99017798124988
 -3.149843277859067
 3.720376985626219
 3.144805488801336
 -12.78322580054954
 -4.891780241560729
 0.1739198482694429
 3.820874374538679
 -2.195379684826287
 -7.64916761703616
 2.457661432902704
 -3.421175801575401
 0.8657476335785317
 1.942370880853201
 -18.45373200841122
 -15.97489815977157
 -7.725864752973596
 -5.504796012493594
 -6.370527839488099
 -11.73586051145181
 -1.515202205535405
 16.40309449163426
 24.06290000488372
 9.676785247647871
 -0.5378431446255632
 10.8743085260106
 20.73811915011358
 15.22288898897356
 -15.78307363922539
 -30.68719258698544
 -9.843686500212344
 1.451020095591678
 4.192986464256783
 19.29061803262252
 27.1851236480934
 10.30658044190401
 9.327799552001027
 17.42638744300724
 -9.263188613322429
 -26.00928474295468
 -15.63344983717489
 5.545122221690742
 19.0935475431905
 -8.070399298754058
 -24.52539873434152
 -3.186278821303373
 12.4166464531785
 20.52789686726967
 13.27048150959327
 -5.049120751910763
 -2.133235059386498
 -3.802726906273657
 -17.98966470701291
 -9.82323713874627
 4.665138426325188
 -3.55949513184173
 -18.54309601522974
 -10.1435633790015
 2.038911298969599
 -2.972124911674078
 -0.874465853488823
 2.133877320057479
 0.8507830922401526
 -5.468078774644421
 -17.28325083482365
 4.359644268720157
 22.3763175191651
 8.582601137740411
 8.700807885654767
 -8.518725770013143
 -31.03340033309269
 -1.796519840606567
 13.04853907183639
 -3.560108682869792
 16.08589283693849
 25.4633732558602
 2.569429235702111
 5.692245348982642
 17.76414933176031
 17.33365531662798
 -5.299875279502565
 -22.59011355781776
 -7.868347055865404
 -17.60358476333525
 -20.76562346312532
 -3.736976861361435
 -18.45169214580548
 -11.88355669270125
 16.92891051861918
 13.81297020089479
 9.689970363621523
 25.08277204618755
 22.3458395465943
 -1.546280589490045
 -10.1272382886951
 0.01148400443244949
 5.632279156312348
 -9.195879665159108
 -11.56022679246012
 16.67605259230505
 6.391490688657743
 -28.43695494544872
 -7.920435439406936
 14.47037753877214
 -9.021929588444809
 -15.1646504246015
 -0.169768618749715
 -12.38384407233261
 -7.450758003709674
 26.62945597998677
 12.25237353867769
 -8.337797593033908
 8.737327357777916
 8.521204775466463
 12.82528806134496
 18.14162641581155
 -9.588903148364667
 -16.39679696921161
 4.439077795885845
 8.769668686253985
 -3.616121826034498
 -16.24505056033435
 -11.49036214236752
 4.533583797956215
 2.181954161529236
 -4.315514135137399
 -2.799545021338516
 -18.49140963082511
 -17.10814568823466
 1.984430822893153
 -9.19544369681207
 -4.463490724629964
 9.924215168028587
 1.658827750529928
 8.680877551581055
 0.5725128653198134
 -1.680698305616291
 35.6502368795145
 29.25462474826868
 -12.6009200165807
 -27.41935077270081
 -17.14401565242138
 13.31724940902928
 34.64019128373568
 14.37711777316556
 -22.52574797655747
 -21.0530308973936
 13.25800160405265
 13.5273149735532
 -9.291495172825202
 -3.726769046976258
 3.825812978571638
 -6.16561174123459
 -15.73712459823893
 -3.654382703432144
 10.67654552307445
 -2.06683855979165
 1.213315161085998
 10.2607815219928
 0.326555433079826
 1.466928472125816
 -6.136039875686193
 -13.91100056715097
 5.055700734441035
 9.979020250755402
 -7.521051778934617
 -15.24277713796175
 -9.505789340577248
 17.40033591854719
 33.95457100327202
 0.8550099532685599
 -19.24654850851189
 -8.323727055274222
 -11.10179223263768
 2.527345773535545
 19.61280317486549
 1.845684024604092
 1.912777361411117
 21.58028135241289
 13.74607396022016
 0.5165516512516571
 3.363317676095312
 -6.464893702289906
 -31.36198487854592
 -21.22561596958602
 10.87409646530831
 18.01883356162249
 1.127276450013567
 -26.8876928128842
 -21.7263847184982
 -10.42247613014931
 -26.05422834274955
 -6.367929568473689
 7.675410790214515
 1.238759184155278
 14.52241141227157
 0.1587379280478466
 -7.288371866206964
 8.886233324514336
 12.41283582094947
 24.14044253507428
 26.29632473346339
 7.172633122150107
 -4.93243592964305
 5.501635640974354
 -5.106286791050376
 -26.24625690778717
 2.373768863598067
 5.16028318354364
 -8.475828926047837
 20.47995373420031
 5.013651882484939
 -27.13008371942757
 -6.529310401306723
 7.363426742215782
 2.662844802979599
 13.60689673673619
 11.99566626784448
 -13.89847146728916
 -12.54141362964965
 0.5411630328022549
 3.188918468059563
 29.49289002445541
 17.76869880834431
 -19.04473412969143
 -0.5754954572318451
 4.549114151550872
 -0.9310710309691361
 6.123587266097691
 -12.37846258252662
 -6.608433438132899
 9.326695095122778
 4.761431937641625
 3.226376515022953
 -5.636576285003005
 -4.486352385069071
 6.888155774501159
 -4.289478430382299
 -30.55517700636919
 -26.52135297297071
 3.046070703119665
 2.125871889105501
 -12.47273095396545
 -9.747324340661793
 3.268422204894633
 15.03356323386357
 6.260773050566145
 -5.071435330840552
 -11.28802067738528
 -15.87206224103105
 3.026287667738617
 8.448433885813442
 -4.014293671164435
 14.41471673896949
 17.40023137286165
 -8.675539359286637
 -4.763361250459987
 -0.7590029863613762
 -11.12884582720827
 4.942258709497346
 7.367395025567497
 -2.536738491531867
 18.95382582199213
 25.66742877733435
 23.07148878941302
 30.80101465170173
 3.75803586116628
 -24.95529671395441
 -12.73256283010828
 -0.1237410391186927
 -3.966097012117549
 4.098934348006138
 10.68391733029123
 -8.057278138568643
 -9.651103878884891
 12.46631390687861
 1.184114708090876
 -18.09672830778044
 -3.516910244647347
 9.05142051957022
 7.238228233492551
 7.394456844616657
 5.159608459592209
 -10.14264133502209
 -30.37674413633182
 -13.61894914528799
 8.75123372970617
 -7.311666892700893
 -6.065145734905437
 -8.616526806412079
 -17.39841066304976
 3.053970935229888
 -6.690753502074554
 -7.956555607584279
 13.18579878055507
 2.2491946343544
 -6.97834026118877
 -8.258883075134852
 -12.5466695044546
 -9.321309383921275
 14.58972504744566
 21.0425844459712
 -0.3979140667977263
 25.43760506917967
 30.38255846955321
 -23.32559410728639
 -17.49101101465681
 11.82562337852605
 7.091905572126231
 9.488326143759435
 -3.862065443269874
 -18.13637554017933
 -4.624393915855655
 7.122728020317193
 18.01015464063664
 22.43861301154946
 7.167437817950442
 -8.769370064622711
 5.11830839709938
 21.81650530799164
 -1.491675081475931
 -13.72888548897211
 1.863273121434413
 -2.771637919575753
 -10.01316989350681
 2.266934041177687
 -2.227131947631071
 -21.17209298152066
 -22.87046203664001
 -20.68902250050187
 2.786400572389956
 25.83172258451436
 4.351206312802479
 4.037671734247384
 10.70336351495565
 -8.442032999712719
 0.1598592658010158
 0.6011602884810572
 -18.85833067576087
 -0.9531819100416226
 32.09367633844844
 7.802161151851794
 -36.73479983395616
 -6.451379753193192
 20.39041528643352
 -4.549109931261648
 2.38995023347635
 13.74250756775926
 4.041885040880978
 -5.864093316843302
 -28.0786361330343
 -27.40829014354771
 -1.972395397863501
 4.84692380381627
 13.0065040593193
 28.89812890208763
 12.68319479892401
 -13.76453860465697
 -17.71304739184506
 -13.24374841908277
 12.58083252039282
 27.74988593908465
 -1.719869143348592
 12.10938837313233
 37.86355239778886
 -14.73575148142404
 -18.93000391228247
 28.94198422634091
 -3.617392842358374
 -23.67204237484606
 4.141531999817774
 -17.82520055413978
 -40.862923484953
 -21.79174280906413
 -4.251456819572902
 4.045627802422092
 11.51913694334893
 15.1425381033055
 6.333346637191831
 -13.89639269213492
 -17.24225418799703
 8.523775614912759
 23.64298621359926
 4.883251475363045
 -4.582351816391107
 9.586767357756209
 12.85838724392302
 14.74321710346395
 14.43329578502797
 -1.122714112579305
 1.667822470341393
 2.8802357606842
 -12.14248203778706
 5.122279409138369
 15.65273557678515
 -5.998466372308413
 -2.50035143149203
 -2.3747930820224
 -25.93648145679144
 -37.34176407300359
 -34.97941944803324
 3.646179318922844
 38.27065567953567
 6.426141947368781
 -11.06439068094656
 18.12786730341481
 10.56295934837207
 -18.81170467927501
 -3.812124556839704
 16.70046914762033
 1.084556495773807
 4.565965223378463
 21.9873452869364
 9.942713800506175
 10.50881701731061
 11.72324436834396
 -9.855871211887896
 -5.608640458551921
 15.12767183156339
 3.824660364198778
 -19.47213113820018
 -10.0140743982147
 -7.317170806289143
 -29.003318854107
 -12.52624683831569
 13.43181920149136
 -8.618408415339024
 -23.27558278287156
 3.640325251846023
 7.580181867496763
 -14.33102182055638
 -1.692522809242469
 18.67964349683911
 0.37532712160843
 -29.68689021957071
 -28.70244837171219
 0.9106320197109204
 14.03038691711568
 4.265545764355327
 2.45997338723804
 6.610434089052229
 23.34560633082085
 34.61122566061966
 11.01453229080538
 2.046603429959985
 -1.988224630485877
 -10.86678464171142
 10.02325259998286
 8.055334085047182
 10.40563420048988
 13.47967414593191
 -22.63250221627031
 2.063773585746773
 25.74623471974186
 -2.707709449053934
 7.528340837003366
 -0.5305855648653084
 -19.24050100060196
 -4.452034227316175
 -9.518675045610101
 -12.42808275072653
 -12.56341684643123
 -19.27206065689506
 -4.278579051353545
 -1.119464717184651
 -3.719026581966396
 16.14919435238196
 15.47943102378374
 -13.41792147154348
 -17.1620695282384
 4.107415346195276
 2.44874090240017
 -5.924508000308315
 4.661137265025415
 7.698818320531427
 3.590478097217143
 8.157679734589447
 1.203052019361768
 -9.257492590669296
 14.82640658008047
 24.79397001718187
 -6.399674189015247
 -12.73450965403534
 9.885298177604213
 13.32310695816643
 -12.50525669543761
 -4.981247277466567
 32.67445987928468
 10.62328886470181
 -21.2259236849692
 -1.006705249988091
 5.211611788246538
 -13.17981400065966
 -18.85912342753125
 -12.90210454337575
 -0.6442067062896553
 -11.88146892054345
 -20.95781918851627
 4.16814672946877
 -0.2648077491039018
 -10.46689981048646
 1.043619541867981
 -6.981248465243547
 -15.20611272176116
 -10.64613610817423
 12.4879180732441
 33.55994713925394
 31.63067498312643
 11.38877029703453
 -24.20879040131856
 -22.48888165010714
 -2.65691562861267
 -10.05700799424213
 -2.91826697325018
 23.03886423980536
 29.57939603880907
 11.2537973662679
 -5.453174652551418
 -3.618074982225587
 13.29380418313046
 17.39003795191178
 3.83601157311274
 -2.045554722789339
 -8.396437460173834
 -6.460069560144644
 -0.8776200471126467
 3.248640316601582
 25.76402614381238
 16.38599646523921
 -14.52958397653023
 9.933167702693929
 22.92830552262057
 -18.04319415711343
 -15.54056506970054
 3.70887652950667
 -9.628514825121297
 -7.564822358460894
 -19.24272540641496
 -25.12076032332218
 -8.373352611661737
 -15.76645184374276
 -5.474114380931461
 -3.745681486217743
 -33.1581228430011
 -21.57290837297329
 10.83437968854341
 17.04489647814066
 12.29101312446284
 14.96300542985114
 10.87840395099494
 3.217796650445951
 5.725937173944816
 -7.492747446871136
 -5.914229462350293
 26.66276348046669
 21.39060072267094
 -1.311719023114043
 -7.840840429243431
 -24.41011499175251
 -24.6216671094755
 -6.94252412515727
 11.01099034920563
 28.09470903065851
 16.03897408238351
 -15.56752785361977
 -19.69722525570837
 4.945377607570471
 5.206097389038886
 5.190272337952071
 34.53106572989983
 14.00807786768124
 -23.84415860834639
 -4.444479257640406
 16.7216760549471
 20.84025803766967
 24.36918678301118
 14.90169992499374
 2.308309760550097
 -7.801750325774918
 -9.52621400492367
 0.1746480483396292
 -0.9801858733685411
 -7.358397311715946
 -6.374790423293067
 -18.50218680905559
 -25.08066499414459
 -1.572173939799249
 4.270037666677577
 -8.73909555884515
 -8.514061853357257
 -22.2254454676541
 -22.42012278072526
 0.5491259355044257
 -7.321194121355772
 -19.66198477688171
 -6.839967820450502
 3.539297275404781
 -7.341537179827226
 -8.250889834789104
 23.55932240367071
 32.84981744827996
 6.19388986981856
 -2.428221266961876
 18.11317235766731
 29.82178348449758
 7.432060720238211
 -14.43771561881346
 -4.802702366908326
 2.160829839989757
 -5.044212143583907
 -8.960928210257489
 -12.87638782549775
 7.987266778191542
 37.65083821050114
 29.32524764542049
 4.222385376971567
 -18.12249568388369
 -18.6677774399168
 5.804929886626633
 5.96059630450476
 -9.592698100620163
 -2.568341093142104
 9.727381158245102
 12.26607870902061
 3.499951265475084
 -19.32365617561914
 -31.98182918601315
 -10.21716181460209
 7.52304635854629
 -3.984756434324627
 4.501622754770472
 4.85767177208646
 -19.22828829862584
 3.531555449268832
 25.75355142347779
 7.282286967489773
 -10.84262135450991
 -12.07466397370255
 10.53654960002123
 11.31341878595766
 -0.8228878572376295
 0.5433549629855238
 -9.207889791773077
 7.226088871617838
 16.54701091696143
 -8.081091590558367
 -9.982864407365119
 -15.36217876402004
 -23.24083326919285
 -0.4970547168842137
 13.48987326187878
 12.43977634475219
 16.04851652410051
 -8.646454629812151
 -22.93406580662266
 12.48674865599418
 6.37042236816293
 -19.17325403221169
 -7.802136180329764
 -13.6283771441139
 -11.11926235326352
 3.924933552821106
 1.260648551425826
 10.77211514963564
 25.62175040005616
 18.47423496783138
 -10.31600531327327
 -1.624494451519046
 37.9833080326949
 10.68219914628291
 -13.7378658599952
 20.7865336619131
 5.950557699325205
 -18.28945490073419
 2.541978628384772
 -7.131210688666023
 -20.14082016011708
 4.42547828470722
 10.0527161425251
 -14.51122637908449
 -23.32285655706144
 -14.52367371948109
 3.030184541576409
 19.02983250407818
 8.276443317826322
 -1.458535067499338
 -11.22214678882898
 -24.82240725366545
 -5.182560590912735
 3.463212751636028
 -15.57740497441335
 -5.873891178313198
 17.10718004264617
 12.93097261672672
 12.36827637892512
 13.72421369068054
 -4.244167043609022
 13.29205588549528
 31.19047520438608
 -4.42265662997748
 -28.93688046817216
 -19.9913108034105
 -2.335247004918995
 0.326371462641136
 -5.948210638096906
 10.1290294543916
 13.56540051011059
 -8.634632868070458
 -2.562300658835237
 16.2717714108049
 4.427725307815872
 -5.452357884899198
 8.842622907276887
 19.44016857190019
 11.49093857914083
 -7.277479122000305
 -15.09316278061283
 -4.852680750021082
 -14.76571844872042
 -31.0083641431285
 -5.629867820556086
 9.360955579264488
 3.373552171875054
 17.9395189710067
 20.94004798332191
 4.962319722549497
 -8.222303345992374
 -3.130716638136606
 1.946334807025641
 -6.552554186973052
 8.490140453750243
 5.795099514827671
 -14.20572933184163
 9.345760119576708
 5.318177881535653
 -24.64602325786731
 -7.804502519857272
 -8.411525018569375
 -19.14825172805251
 10.73002976921621
 3.300321533951264
 -15.40245292566675
 3.04734516830182
 -2.282348105774067
 2.109744199495625
 14.60061938224077
 -0.3013805301148506
 11.62120791464488
 30.99480927054234
 7.209705298945858
 -21.66523451092017
 -3.476282192439317
 11.73866708181281
 -14.29112008202942
 -19.80779680385044
 1.883540480080915
 5.019482925623307
 -17.45058599720923
 -16.69938309476624
 8.722113672383683
 -3.984350807945899
 -18.03715007841688
 7.322956721731895
 30.02720174965775
 30.96210458701888
 16.71281758983637
 0.01369230094832174
 -14.76940712433361
 -8.830443444425271
 17.06060379429997
 8.908566140536104
 -9.769189636585613
 -0.824845773229541
 -5.725014133730802
 -16.45898615592001
 1.211568643029425
 17.15852770925729
 9.683284445744928
 7.73617906677648
 9.997796611243029
 -6.419579281838687
 -17.48070572093327
 -7.450925166328932
 1.818158349016804
 -2.612734219048891
 -4.270291458254233
 3.563571456275032
 -11.16000119480608
 -30.23452293705642
 4.566856502861238
 33.03778733062627
 2.203181759732764
 -10.37845304335722
 6.881971093721765
 16.34135196300048
 3.335459442414101
 -17.61362700478042
 4.663412732701886
 15.12497474844355
 -7.663264933629269
 -12.58093779417884
 -19.73018521131415
 -14.05692066096501
 5.734403062865564
 17.08741808750856
 21.22624187172292
 8.476428774076203
 -8.181677927881537
 -15.11722172552225
 -1.83240347701778
 -5.316941749705412
 -39.32661522074708
 -24.44842151971865
 22.84396014245648
 14.43721421229836
 -11.40176230609535
 5.960295324944282
 9.410354668429891
 -10.11807970442568
 1.305743892489786
 20.64246755209885
 21.66487359103155
 8.712081811549131
 -10.00873948393635
 -4.821565111379468
 17.51646936140159
 10.5948066000527
 2.72623507606452
 6.198956497466838
 -18.33286109597933
 -19.20570298800525
 14.17709383702926
 15.28177944801898
 -20.08818323816285
 -27.72019372364629
 5.365324421134479
 11.43328860747435
 3.136622100288392
 -5.174254909612954
 -19.36721284951694
 -8.538277475048039
 -0.7825931924736963
 -7.245021969206731
 -12.94193683863893
 11.09662458897121
 41.39359223245638
 7.266735532329984
 -4.024591564884448
 27.69779491286258
 6.341464105115905
 -10.37870148007879
 8.099902978977493
 9.436729952395545
 4.326342763269802
 -0.3989599316993085
 -3.240197401699942
 -3.53897839580511
 -17.48899686525493
 -16.8044028674452
 2.461894930576714
 -0.6845022764062518
 -9.286655797660353
 -2.551068849477809
 -2.65736078732439
 -6.841476606002159
 3.489153596260826
 7.672525310473183
 -6.353236047743379
 -10.75346625593203
 1.753699982419262
 11.5639449193076
 -0.2537140099167806
 -8.922454808230778
 7.782085625419879
 20.2285659631232
 18.6056196459365
 -5.608975527168955
 -24.72763435107936
 4.861490051355678
 17.36352358652586
 -6.780760374418542
 -1.573551302789579
 12.52200038696588
 6.868069175851151
 1.733142768010507
 -8.522078154347479
 -19.11664714016572
 -17.64385534278013
 -16.67505667185318
 -17.49465820877992
 -17.22032056884935
 -22.0472560156012
 -14.80755373846882
 15.06744737509795
 20.34909974948185
 0.8372062611846264
 -0.8645418027576887
 -6.512831972892228
 1.417747340739282
 35.40475533692371
 17.76688978652189
 -23.19853176718778
 -0.2565320655360088
 25.43719643093733
 9.682588719661654
 14.95336937949628
 29.94354733816273
 16.3652838048399
 -1.470214503224442
 -2.013879249612295
 10.38850246282583
 13.35670136368356
 5.379180637792444
 1.386889770550886
 -10.17320372255454
 -19.1092194236128
 0.331875138321059
 8.934900039367058
 -15.83526477585849
 -25.30568341030314
 -21.69597893689371
 -24.26589947639314
 -16.62635356624027
 -17.40499219430313
 -17.42069489121858
 1.901328343918897
 11.00955444810867
 19.706343715015
 21.25136001028962
 -0.3433984464581373
 0.9468446198888649
 15.36712633535371
 11.56926637605775
 4.751140268837442
 -3.804918027360007
 -8.642129063596046
 -7.731285208379552
 -2.881703339856965
 20.94831247578469
 32.15726041101924
 4.8974167261075
 -5.379246845381289
 1.707328014899973
 -12.37708807913329
 -10.54314291744164
 5.104802109556713
 -8.692404688578129
 -37.72518452745279
 -32.80704383353108
 1.312058520183369
 -2.072638260207956
 -12.81719035871046
 20.21173892792599
 30.72833550117208
 5.905585551461078
 1.026051737293337
 -0.1142431882695335
 -10.52970403756392
 3.560390257565301
 7.962995727768436
 -4.034655924581785
 22.02868135817198
 21.68569151193342
 -6.167833532346701
 15.39416005316737
 4.515842218438757
 -39.8243027494353
 -15.33033202688861
 13.1664909679371
 -7.075179371326216
 -3.040672316386027
 10.3478206470829
 -4.1882049891499
 -8.245253728063835
 -14.976386740975
 -23.38091129672314
 -6.826268398461976
 3.161860754533093
 -10.91462053542398
 -14.52447008275275
 20.04787950268929
 37.69885385320027
 14.14836589578466
 11.54664576269766
 14.70006081019282
 -15.70043959161898
 -28.98012133466048
 -0.6535740772691543
 22.42258563744226
 25.32880936456021
 9.657700875613335
 -6.231555747760002
 7.723739502131393
 2.411389831324052
 -10.62883082570887
 16.32070558272491
 13.93263972036079
 -12.8513045961156
 -0.7701142845646504
 8.800118917376567
 -14.22842614690736
 -18.96791082347301
 8.153031029898765
 21.12714410605617
 15.10381940481277
 -1.303791757231515
 -18.26205627941944
 -15.1690664142339
 -8.129904393606052
 -18.67721277138833
 -24.96776660912154
 5.801040457474238
 11.88696595132624
 -28.46019321681511
 -23.51623264179757
 2.138467166671419
 9.467523774488004
 16.76756342572326
 -3.910797239592555
 -4.05042253614205
 21.68226411850083
 -6.945693265680543
 -35.11991748755175
 -5.709615230506308
 21.60188239085795
 10.49228197940541
 -11.73281720528756
 -3.809495193806687
 21.50391710583055
 9.952036872232251
 -18.55029553485095
 -16.81018923274454
 -1.881028908250234
 7.841742385779133
 15.48062212818294
 20.9207344466658
 16.94234075995256
 5.777768394457741
 5.032369560798709
 2.942339023436511
 -15.55071805847244
 -19.66056653409095
 7.498470959453653
 17.57666894684025
 -14.07663143025925
 -28.72628042271654
 1.455916845438363
 31.19760666139819
 29.41019423597881
 16.91850715816294
 18.10992722440425
 8.14757605058746
 -8.795677524753451
 -1.45950557292523
 -2.751651508613968
 -17.74509788796783
 -19.16865441238671
 -13.64037898542545
 -2.149064153727512
 -1.433199838238048
 -12.83009790403189
 -9.71964391059821
 6.584368628564708
 3.25325272247313
 -16.01390513105404
 11.32301714031046
 31.87643147965764
 -9.947508521139614
 -15.04085882407054
 15.67027195240875
 8.668532744428411
 -11.13806938363355
 -14.73817002338562
 -3.395707267733815
 15.98266018989745
 12.87191797964472
 -6.59444676828161
 2.13514927702274
 0.7974506992024305
 -27.11176934861448
 -23.33314334873954
 -1.526365560296625
 4.465552150673176
 -4.552030868258647
 -6.451288663360975
 5.993956599708286
 1.465486623872981
 -10.57904315858546
 -4.440640709608951
 10.10916232319988
 4.981716096356868
 -4.442641267114081
 8.941114118614729
 6.583321850042291
 -8.254803460026102
 -2.396033557856406
 5.791503802368339
 2.842707473607622
 10.0550272643659
 20.18118877497675
 -5.934652029514993
 -10.11307233278752
 29.03822083614336
 19.92813899406326
 -7.658780360060354
 -5.841572907083555
 -14.17871636901642
 -7.419114045738989
 21.88613724947699
 3.410189298116107
 -33.76674071565356
 -7.459120182486558
 16.5652285852607
 3.635765969545995
 0.9706456334334972
 -20.57541020683986
 -17.37522354831708
 10.77510538825028
 3.611308796708362
 11.55028786796258
 6.633579908238518
 -15.77634201907593
 5.106525582627508
 29.86376534816653
 36.35438027245367
 16.09344127132621
 -21.69492396656815
 -17.23943749805137
 -2.643457523084963
 -23.37262531110037
 -20.92105005779018
 5.783108711566896
 15.19443827912973
 20.4363062948049
 -4.723300193595874
 -30.03600295960003
 -0.07191207629389915
 24.3998514454867
 21.55725522343254
 -1.34960652253194
 -29.69684341416487
 -17.5342965849058
 4.049168202379503
 2.12414104048475
 -12.36918901193761
 -15.56230809882175
 -9.780728481858853
 -17.12978610009608
 -2.227995329066509
 15.1544784612233
 -5.533805501420866
 -2.448276435030881
 20.79195465518096
 -1.29402911778386
 -18.58058279479314
 -3.726859338291877
 -15.71321609132837
 -3.403608727971384
 49.9168203606099
 39.23368679512978
 2.955035349514134
 4.812520360393236
 -1.699762058665619
 -10.38631806707236
 -5.273643101521286
 4.4448701813665
 6.56765020555924
 -9.56552969175074
 -21.32077876824964
 -12.97243390052183
 20.18804409963877
 30.2977278718758
 0.7611137609970886
 -6.606150483752673
 -7.735309557827423
 -24.54265067769212
 -25.58157510631852
 0.1322169216920019
 17.45439472794912
 6.325509231596473
 9.113998641906134
 14.60851372095302
 13.44392993773005
 23.88684174416734
 12.49297261222715
 4.002060196780564
 10.96320327438034
 -6.168772467538325
 -16.0805135050544
 -9.768238981552599
 -11.85352503035734
 -15.72897092893167
 -13.89184414891486
 -2.270069486731228
 1.9868560191727
 7.927785604826282
 14.65441769688545
 -6.412561296434794
 -18.75871385430298
 -13.2449145789487
 -11.95630529332522
 -11.93788998395496
 -0.2994317150799665
 20.89455633761044
 -1.110331109841899
 -25.0667254662383
 -7.983721163103645
 -5.05474766332053
 -4.362665589684839
 1.106080006436945
 6.241145529391391
 19.23347331862343
 9.93534596728851
 -9.931822721016069
 -6.333429701439452
 9.163225778750185
 10.25216255274768
 6.701094123834375
 10.53787803901992
 15.8841649493813
 14.02503331704749
 5.932785982172743
 6.055359531258259
 -7.363418262715954
 -10.07415029642969
 18.22878495364374
 3.601189542916343
 -14.44956487660568
 14.79043027438568
 9.61874805198422
 -15.84558949279787
 -7.104284287027324
 -4.603209247751445
 -21.64583391699053
 -12.19885176476942
 15.37113611833365
 -1.64385655037973
 -20.9661647946729
 -0.7419056741895521
 11.99407245777623
 19.5865672785047
 16.01495210784106
 0.3205535768135918
 -5.406615071904262
 -15.41029551741374
 -15.7089996494948
 2.163657438508066
 -2.228388061411564
 -19.18808052624609
 -2.469661905417369
 1.918928426665409
 -6.251399142273405
 9.4794221912857
 -9.426469247312026
 -18.17125678086947
 25.13814935583075
 34.36785242808033
 3.966154965547441
 -10.14754281020144
 -1.094469754675852
 6.274309209695551
 -2.733237500663354
 -16.35024044007844
 -4.68971160735807
 11.99740279673345
 -2.803764709471159
 -1.277502402564807
 12.66667655584985
 -0.06514172275318009
 -4.126170240176871
 -4.328699072511092
 -4.217531056448762
 6.135746228540391
 -2.502607006015839
 -15.66688012543701
 -7.019423997746458
 9.08697392712326
 14.25967352981137
 8.22902007298004
 -1.126363681889457
 6.013772868116386
 19.88356621022271
 6.730290958491803
 -0.1925105336695311
 5.221732785805973
 -8.694165819027408
 -17.33269501622284
 -18.93882591316553
 -10.81441303910128
 13.5738079304637
 6.616558539183196
 -10.84131048055211
 1.808678292793269
 5.03442579672757
 9.519466676519297
 22.79667116881743
 1.885105473769578
 -23.72422937141479
 -23.89199435535622
 -18.64032902776918
 -1.436645162242559
 14.9140497102283
 -1.826738148085258
 -0.7015276309036833
 23.89939658214923
 10.25095211656711
 -6.370079369684325
 -8.002993416648165
 -11.2539974040076
 -1.188562795503448
 -1.809144679264426
 -10.50562800044432
 1.844967576181556
 10.54749935571231
 0.7216396428204727
 -4.299953359800782
 4.113771460743687
 8.719649490930252
 2.609515823014023
 19.07132023230324
 28.06255848239321
 -14.08090733132549
 -17.98657041084848
 14.97106616037777
 -6.506270242917782
 -26.24055680026091
 -8.961874005717451
 -0.914602324400702
 3.552858714046838
 -8.559919196536304
 -29.19012220268322
 -1.926774872405897
 23.65204171010399
 -1.750665931775171
 -17.54968859133398
 -3.736859672101271
 6.86387174075271
 18.10940490669594
 22.52674080776762
 -1.584222707858868
 -3.644899416885001
 22.75266664746014
 17.03286438751345
 7.967132709707506
 3.640035567098454
 -17.84731671246093
 -10.35554977679899
 10.32673337783074
 8.914629319007878
 13.95145583371781
 -3.449532922828783
 -37.77356984799837
 -1.486064034292549
 39.14947744499967
 1.19077168049896
 -21.49326370883441
 5.528904274501302
 14.59123424632033
 0.3735507969185169
 -14.74769960054323
 -31.44761770262372
 -23.02623904402339
 -3.321088403412
 -20.6346450081319
 -13.84024770619714
 24.73083911855981
 9.034710406671605
 -17.16045850620142
 -2.150541406623947
 6.434520965920336
 -5.26522033515077
 -6.227016021518454
 7.104153040463825
 9.654992679906258
 2.260218254831161
 4.785308085379508
 7.123197973908873
 -11.48897694218953
 -13.9998492874529
 20.32753017670611
 29.76976813684919
 23.07405285202866
 19.95064643097093
 -11.36639305811202
 -11.96995351705321
 10.76720012030276
 -0.485356871859099
 11.30377833756933
 13.79805439466801
 -19.10456770924076
 -7.613152896572456
 1.75302105194507
 -21.82813220469919
 -21.06899321525556
 -5.555833777027661
 2.340426324913079
 1.543320989592175
 4.089107728642245
 -1.004512278684383
 -9.679249851333218
 4.310320795611856
 -1.690061705997611
 -10.58428109562546
 10.08374672596131
 21.15754340203646
 13.50653441392045
 -15.15434784673195
 -19.77194383016393
 14.29322948038328
 23.94197091368035
 -4.398218649804318
 -40.82702702868566
 -37.72862049606303
 -6.122309458324864
 12.66866303695659
 18.02973530290567
 8.554955782893344
 9.586313319042443
 20.75148020212144
 11.43232245938629
 8.61510283627447
 9.332450435752284
 -12.73038120922707
 -3.627100327233738
 26.10538237477982
 -2.390371187041631
 -29.3054178832306
 -1.201095718801936
 5.31315940838885
 -14.71915200186378
 -9.659882333583887
 0.2765930506111963
 -7.973325210409749
 -13.58218986977684
 1.50242090066536
 21.64916166544235
 22.7271331084866
 -3.376565419442878
 -19.33210543327203
 17.52261546040855
 34.46176683040662
 -5.583515490523026
 -10.87771639587929
 12.20149847408634
 7.970095151608496
 -8.205144394236422
 -15.90511046163172
 -8.680874842146373
 -16.02545704071846
 -26.34750002323968
 -10.32466857272596
 -0.4827113533075669
 -2.625681720235471
 -7.405819625072057
 2.604977486587985
 14.94586052681768
 -9.987503601819189
 -17.73900834682151
 5.326671816775345
 13.49089273513042
 28.19312193114746
 28.04707430587168
 4.286802230527167
 -1.510024650715495
 -5.017491454305801
 5.911746724763507
 7.78516874663556
 -20.31790300624258
 -4.95333580739164
 0.2464686593333294
 -24.29934883797753
 5.812130069173313
 24.15357099743085
 5.490188558167395
 -5.174308035976384
 -11.06248281280068
 0.6830570844162451
 -11.46883312812007
 -32.40681170161724
 7.790953710723069
 41.41343402829602
 17.03278391239335
 -0.2938107423277538
 -1.289135734796999
 -14.83579294740304
 -10.59952470326806
 -0.6430804784985273
 -3.459779569533684
 8.330157313919067
 10.01696723065691
 -9.12304310885232
 -24.71156958733054
 -18.46104551726649
 13.48996651507701
 19.59922927959922
 0.6964856251589595
 2.823871925493189
 10.12429975496119
 5.72344154131294
 -2.89100191357488
 6.153873656198545
 20.70980018055842
 11.4551630466724
 4.555668283745162
 4.453943194035356
 -1.457076473388634
 -3.3411518454364
 -3.12548576810655
 -9.118169879548811
 -13.78833473152142
 -7.356650715533233
 -4.769558612582952
 0.6015926717726378
 -2.620045583300441
 -31.36817700615615
 -24.64919287900954
 7.160503053403077
 -1.743183894142494
 -16.54893324166342
 -4.601991499889833
 8.458987723645096
 14.30994537874418
 19.21207118581465
 7.89001823269653
 -4.205800701024072
 4.487344025012117
 -8.070553621204303
 -16.36848802199886
 17.43131577600719
 19.06286265600563
 -10.90404137450461
 -10.79333927842287
 1.095634113753875
 3.458160964278297
 12.41899376028421
 28.2617078211698
 10.55864976363643
 -20.8452937843476
 -11.21082840716648
 3.02517092265321
 5.308059725316363
 15.89974478227881
 17.70218029240282
 6.253918084668627
 -0.5279428681911393
 6.167197217739142
 9.526200500130452
 1.530190256540103
 -9.82615936367305
 -15.23632803706755
 -14.43784846523008
 -20.29522486606591
 -23.57098476861896
 -16.08988342683285
 -13.77073091353259
 -20.52479846604878
 -8.518104540676836
 7.044914196852782
 -9.875307355147624
 -3.423208105305976
 32.77780506143974
 30.77677640337674
 7.749274657015028
 4.153395814125162
 18.02761989371133
 19.46584644686447
 0.728863955279356
 -0.2299349455272818
 5.67889786808684
 -11.87705112516608
 -11.54688111687492
 4.640333917650434
 -15.70740868834572
 -24.36192517086161
 7.450881652439375
 18.07048597272876
 -1.811624260959629
 -13.04652743404194
 2.717532381455629
 13.65169666722457
 -0.3307947543429489
 -10.0030281920921
 -5.091161794678843
 6.209651830806148
 8.421087345624704
 -3.99758891817005
 -17.834216457864
 -7.751471906878742
 22.78689383238816
 12.44903238146096
 -2.311951242217831
 18.64012209712604
 -2.896397686148852
 -25.7042541248003
 -7.499532274153832
 -8.710845254108152
 -4.494199030472675
 11.11891251225421
 17.29488125295407
 23.96745152890167
 11.07137008783023
 -5.327708970836977
 -1.042961791684557
 3.065951450293263
 2.469806796388603
 6.479676740819095
 1.255232577587414
 -9.920144726966956
 -18.9029940648201
 -34.63046675227493
 -12.11209155808539
 28.77603713932175
 4.740859227571161
 -17.63175481871987
 -5.567622023233959
 -10.98301911990879
 -4.414598009254202
 -14.95926861869533
 -28.23449765348519
 11.17116479780237
 11.78113611370863
 -4.761313453832679
 19.29674987481694
 13.14539250080537
 -0.337291433061772
 2.956132135503315
 -0.7368984412530908
 3.544337993280714
 19.34641774009805
 25.53856295591044
 6.202180157207041
 -5.680747567345794
 -8.765190500348471
 -19.20040107059224
 -10.97999922349744
 7.091325276737593
 10.51290068622959
 6.468067437416226
 16.56960379967487
 16.47284707464008
 -8.076135034520549
 -3.215862209341096
 8.528282865719707
 -12.43824884560957
 -14.70458728552759
 -3.599307035947233
 0.9416427057237788
 13.47593707803206
 -3.395211697963143
 -19.10020907330755
 2.883374749765677
 4.955852510214244
 -5.68608011837366
 -4.287716106309211
 -1.075325174537374
 13.57155591727899
 4.895985754891675
 -28.64782400318246
 -19.73231600823318
 7.746911327730326
 6.663439224300986
 2.112518927088823
 2.656874171062181
 7.0747671230552
 -1.347428049136304
 -25.53697672906855
 -18.74610141044359
 8.494452778846835
 20.57199612314788
 16.10501731592072
 10.92707910012536
 13.05301506770411
 0.8741080079399771
 -16.30986625462801
 -17.27521089628666
 2.601350954638088
 14.40586340580098
 -4.952573985758824
 -2.825811958469867
 11.4252432433386
 8.910271793627755
 9.2882367055884
 -2.743965083841358
 2.580200891533467
 13.40500189674112
 -19.92436534074949
 -23.24155368679235
 15.81633274950854
 10.0939494114391
 -17.17273558849726
 -13.35517330006713
 0.6150737380069109
 4.100845276840159
 -4.728627390670518
 -11.7928111979617
 -3.783742087349152
 18.09490426102549
 23.09968961989399
 0.9622519193287902
 -5.262374850082145
 -13.57847771050218
 -15.38271603632224
 9.70616338409334
 -6.015551422616905
 -26.42075495949989
 -4.722875084795747
 14.59596266635526
 14.96184778715214
 -0.0530695817591447
 8.188137951278211
 14.52173522233642
 -8.042336280403537
 0.7062776388956373
 0.6017149309972551
 -16.60312302876595
 7.575304834867295
 21.00905074966482
 3.458792612040484
 4.221618636053949
 16.06412534102696
 -0.6352104046909122
 -14.65315268297933
 1.659762100437807
 -2.233879242619579
 -18.38909246832494
 -10.72011850135629
 -0.6241420888223043
 11.54399261516516
 28.512497482094
 4.740643634809755
 -28.68243141479074
 3.589811681496917
 12.74464351279874
 -37.95333173408022
 -17.3593812817472
 27.00621164828082
 -1.432650650900212
 -8.872023179606998
 17.00774026778336
 7.778237055994371
 0.7700006647947094
 4.153808283151101
 -0.1515476071383681
 5.908110639739837
 -4.599142855400165
 -21.14624944347454
 -12.8021658030683
 -5.988250785582562
 -0.9042246443465625
 -8.012321226326202
 -23.59232817423432
 -2.649401175404004
 13.9470775019688
 5.6090446734807
 17.55425522604298
 13.25889188453917
 -14.43075040400806
 -10.7502409106345
 3.638154299642445
 -1.617014278238454
 -2.368388882404667
 20.40217955558735
 30.03986922492959
 7.104742459943897
 7.619609262569679
 25.14196880399287
 11.83910993393225
 -4.265526393326643
 -7.085994527403441
 -11.84097906845485
 -13.42854253311535
 4.78179410420291
 22.29508580993442
 3.03249990052151
 -13.7440971295391
 -11.8706026875591
 -19.54902867076107
 -23.78728715366157
 -19.02489135166217
 8.376648606493937
 29.53781105674145
 -7.726442059641432
 -26.01560876260442
 3.421697994663147
 -2.828449339280724
 -10.76855370992577
 9.543945088074354
 5.875006303106063
 -6.158691623641411
 -6.275601538817059
 8.626527296398697
 18.86150527262221
 -7.175315764642116
 -3.475916491591384
 30.80264646834765
 0.95935655246965
 -37.72715843110097
 -4.353288861885099
 25.78036137968416
 0.1880939272909499
 -16.73330125348926
 -2.543222679595759
 -1.619997284879302
 -13.04451211124463
 -10.92851370879708
 -8.596819441927089
 -9.548931126271896
 15.84999872371431
 17.323278388408
 -9.075356152522469
 13.3944108920452
 19.57127191476621
 7.15700323551961
 22.98319073725227
 5.373789101618345
 -6.154544214771344
 6.304779390506431
 4.539384374270069
 9.226536865387084
 8.919314953918468
 10.64147304201823
 5.426821580035354
 -16.70437882171976
 -7.445513992185995
 -2.894244603629592
 -21.4448787226821
 -5.319772777037282
 5.110477904245832
 -7.509677770463534
 -12.69383177993384
 -26.97559800647476
 -6.390307664456219
 19.79259715935773
 -14.11228880806917
 -23.45849782172759
 12.90554137938726
 28.05333909150222
 9.364804117239887
 -11.5919645636612
 -6.609572429038783
 2.030535686809277
 -2.190372490638258
 -2.863779917910797
 3.846699818262355
 0.2062772122865981
 0.8828769653196735
 15.38031288082227
 14.31740559803602
 3.337780106187524
 -1.245148594428859
 3.658327806506425
 -7.57717887831738
 -24.68045900243049
 -5.895123361767295
 18.21454368112065
 30.85345230735342
 10.4962457766233
 -33.73346698075354
 -21.22861332815705
 9.474492325696112
 -0.559397567122536
 -4.900412946194406
 -5.970909166261188
 -18.48144599032
 -6.078956061038701
 -2.539992272851179
 -24.12268931838687
 -5.553743356279033
 34.44017931890133
 36.41859552464831
 6.637332283397362
 -9.727933477458155
 9.879381596356122
 7.542571889513923
 -12.77630293494051
 9.392256864759567
 12.9549597211572
 -13.88521534106701
 -6.179359769348788
 12.01476184311476
 23.59116671319008
 22.04548827144052
 -0.6230998703303094
 -14.5830420944433
 -18.78940380587152
 -7.463227733307803
 13.08375456859917
 5.492511099806203
 -11.742428657926
 -11.44994854597922
 3.233186201227954
 12.43226064674002
 -9.894367982590522
 -24.98804259485276
 3.438428549155829
 9.616272265322834
 -29.06534679915739
 -26.82786781266174
 4.541801113905572
 3.073149620090301
 8.08753210995399
 16.22946860399033
 -1.010851897681003
 -9.303927768723398
 3.445108918813959
 8.037623040752285
 -13.71508818912622
 -19.20381664191372
 -1.253418740647269
 6.613958332567231
 14.04334093422728
 1.890683641387633
 -4.109499011986613
 26.971612583741
 28.47260199709465
 -2.425273567083364
 -15.65750127679272
 -5.450439651995151
 10.56700912039646
 13.27052222106054
 5.933125631652879
 2.297086739277515
 2.866162724349307
 -6.231160415156842
 -7.721064067590612
 6.343275871077489
 -4.093328051211197
 -3.319344972093023
 21.00519286284868
 -7.395426260212629
 -35.01954791951732
 -7.279441743754647
 9.465114780270945
 -3.703395414730283
 -19.30195685841066
 -6.100408715010189
 5.986769733448227
 -1.954700497713056
 25.58496569457828
 27.74430570881509
 -18.23128502094982
 -15.02532288459078
 -0.02560922074836059
 -11.82128406276442
 -2.173534170825782
 -3.272926439464465
 -9.293566780127588
 17.7021162595055
 7.809726947824598
 -19.83352579177331
 1.387226078093177
 19.38496534910157
 12.12924057199108
 -3.753382583633235
 -11.22059051778795
 -2.724234388198548
 1.063549496330819
 12.57307706880007
 19.22374343814574
 -0.7877784016701845
 -9.79763230901486
 10.92889273236377
 7.977571230606071
 -30.36064880676236
 -24.00949420570117
 4.249842677114977
 -10.4425797733098
 -5.275939168628507
 25.28813443462759
 21.19932053282329
 15.07256444752777
 21.03534411361093
 1.688145077773999
 -19.35091175082999
 -20.05068030561707
 -27.86526888275709
 -25.30301668571752
 -0.232473159388276
 -1.129371449157176
 -14.01282444313526
 -1.420761890619278
 4.735144971455846
 3.584445725949895
 23.71533018262352
 16.34429948935965
 -19.34592722121167
 0.9037802494388614
 27.3966197699672
 8.523394439782585
 7.680273098129591
 8.286954972998364
 -3.980948143828052
 12.63657026903056
 22.74556377290357
 -9.472997411867288
 -21.37236650383051
 9.096193631908781
 3.900221158715813
 -16.000094194478
 -0.9920106380951251
 -5.418942616664381
 -4.991730357818999
 26.02631653354122
 13.62325368473507
 -17.46791440762124
 -17.04211223729913
 -20.64846598213697
 -7.494101243153666
 27.66493824829579
 9.571343895598313
 -24.01692424368751
 3.239871154841808
 16.39570199594023
 -18.55335619344353
 -13.71644878237217
 6.263718062918087
 -12.83955365348885
 -6.747663244333943
 19.28081515409306
 18.96672256538455
 10.47154938056766
 -9.639739552569921
 -12.34757703505809
 4.907062311597299
 -9.353944187026752
 -15.92941007738864
 -2.032142813186004
 -2.277221648756715
 3.324875764108407
 -7.159193554974564
 -25.84464938505106
 0.2740945803841787
 12.63163067369315
 1.75773398545436
 13.17602763333388
 -0.1434901716995709
 -25.18680824332025
 -19.50158176219227
 3.153871309720787
 23.19312031883756
 22.73059181234247
 19.09405581717923
 16.91725059610021
 3.737133314184159
 -8.371419631803869
 -12.47117321126494
 -12.22740095891851
 -8.058638869636322
 10.84629602587183
 23.10946277488621
 14.33515292509917
 21.80209623806365
 12.65943152887203
 -23.95052436382762
 -10.60196875017033
 6.414654790075577
 -12.1888179105829
 -5.534395043987553
 2.393218631282478
 -2.319733483775176
 5.15671953110318
 12.80299111998652
 13.95036520209638
 3.634627763011215
 -3.40166046534697
 -2.173881359433012
 -8.221839488881887
 -18.39876277228863
 -22.7192512396881
 -1.486648288741689
 22.27469029255525
 15.46729478184754
 4.633831409896091
 -0.4990026191579027
 -3.392991513328962
 -2.782372320077156
 -8.402154769172602
 -20.23377367933381
 -21.28440506753252
 8.41874518689918
 25.73000205325557
 10.2591337535264
 -6.632302293088872
 -22.93618106809372
 -0.004640493178122874
 21.85051043605453
 -23.35428807870549
 -36.5274656702731
 1.989051116492807
 6.700176378035975
 -15.89577461214499
 -25.92695131324093
 -11.42967232374355
 -2.466972535425054
 -4.702841141961271
 -2.081394435589672
 -8.378848383064417
 3.625632716544712
 22.3092588795776
 21.80039646909532
 35.65105712151273
 36.89760736896113
 10.95843436752266
 -4.258864983405116
 7.041483905319681
 17.90967358114743
 -0.2879487126806305
 -4.92188263963649
 -1.767145117834565
 -2.552653674153223
 12.94785689843162
 -1.850385849722129
 -19.0231854278906
 -0.1498555561795958
 10.9811850641825
 8.619397420249898
